SupplierCompanyName,CompanyName,SupplierAddress,SupplierAddress2,SupplierCity,SupplierState,SupplierZip,SupplierPhone,SupplierWebSiteUrl,TermsOfServiceURL,SignUpNowURL,Price,RateType,IsIntroductoryOffer,IntroductoryOfferDetails,TermLength,EarlyTerminationFee,MonthlyFee,IsPromotionalOffer,PromotionalOfferDetails,OfferDetails,_Key,_Supplier,_Rate,_Term,_ETF
Nordic Energy Services LLC,Nordic Energy Services LLC,1 Tower Lane  Ste. 300,,Oakbrook Terrace,IL,60181,(877) 808-1022,https://www.nordicenergy-us.com/,https://www.nordicenergy-us.com/,https://www.nordicenergy-us.com/,3.39,Variable,No,,2,0,0,Yes,Fixed rate of 3.39/MCF for two months then defaults to a variable rate. No early termination fees!,Fixed rate of 3.39/MCF for two months then defaults to a variable rate. No early termination fees!,HK::12b139a62db41fe5c647b3144548e0abe902c9de,Nordic Energy Services LLC,3.39,2,0
Direct Energy Services LLC,Direct Energy Services LLC,PO Box 180,,Tulsa,OK,74101,(855) 355-3733,https://www.directenergy.com/,https://directenergydocuments.gesc.com/TCPage.aspx?Doc=DEROHDTDTCG,https://www.directenergy.com/en/business/small-business,5.69,Fixed,No,,24,0,0,No,,New Customers Only,HK::a5ed6597690cf401e428d20fb2462420e597a9b7,Direct Energy Services LLC,5.69,24,0
Carnation Energy LLC,Carnation Energy LLC,1942 W Gray St,Suite 210,Houston,TX,77019,(800) 277-5946,carnationenergy.com,carnationenergy.com,carnationenergy.com,7.25,Variable,No,,1,0,0,No,,,HK::f7f3978d4cbab12d52f64c8145a66e64bc7315a4,Carnation Energy LLC,7.25,1,0
Mercury Energy Marketing LLC,Mercury Energy Marketing LLC,6545 Market Ave. N,Suite 100,North Canton,OH,44721,(800) 975-6372,www.mercuryenergyohio.com,https://mercuryenergyohio.com/terms-of-service/,https://mercuryenergyohio.com/plans/,4.68,Fixed,No,,36,0,0,No,,,HK::5b8c33d01b889e5f6aa465b338411913fc44eb64,Mercury Energy Marketing LLC,4.68,36,0
nTherm  LLC,nTherm  LLC,1321 Upland Dr #19675,,Houston,TX,77043,(888) 865-3402,www.ntherm.com,https://www.ntherm.com/sites/default/files/2023-12/oh_gas_tos.pdf,www ntherm.com,3.19,Variable,Yes,20% rebate on the average months energy supply cost after 12 consecutive months with nTherm  llc as the Competitive Retail Natural Gas Supplier,1,0,0,No,,Month to Month Variable,HK::d30f87085d210717f882a0b6a87564043df0607d,nTherm  LLC,3.19,1,0
Ohio Gas & Electric,US Gas & Electric Inc.,P.O. Box 660403,,Dallas,TX,75266-0433,(866) 706-7360,https://www.ohgande.com/?PromoCode=Rateboard&rfid=PUCO,https://shopping.ohgande.com/cust/?PID=AB7AD4BA-1D97-431E-9547-AC1C6A3AA177&UID=C7C5FD83-46F3-4B30-B916-36897E483F47&OID=53AE6A41-BDDD-462F-8BFA-14DDAD141979&RFID=PUCO&PUC=2&STATE=OH&SN=USG&CT=G&PromoCode=RATEBOARD,https://shopping.ohgande.com/cust/?PID=AB7AD4BA-1D97-431E-9547-AC1C6A3AA177&UID=C7C5FD83-46F3-4B30-B916-36897E483F47&OID=53AE6A41-BDDD-462F-8BFA-14DDAD141979&RFID=PUCO&PUC=2&STATE=OH&SN=USG&CT=G&PromoCode=RATEBOARD,4.49,Fixed,No,,24,0,0,No,,Get peace of mind with a fixed rate for 24 months - plus  $50 in Reward Dollars every month once your account's active. Special offer for new  online customers.,HK::b465d03ec317fc57312d18b3d4b08b72b9ccb1af,Ohio Gas & Electric,4.49,24,0
Eastern Power and Gas LLC,Eastern Power and Gas LLC,20801 Biscayne Blvd suite 403,,Miami,FL,33180,(877) 799-3637,Easternpng.com,https://easternpng.com/energy-ratings/puco-approved-ohio-docs/Ohio_Energy_Ratings_FR_Contract_Terms_and_Conditions.pdf,https://easternpng.com/interactions/check-eligibility/,4.48,Fixed,No,,18,0,0,No,,$4.48 per MCF for the first 3 months  then a monthly variable rate ,HK::f1e0a3a86e4625a1575286b4f932d0a6ea0d8572,Eastern Power and Gas LLC,4.48,18,0
IGS Energy,Interstate Gas Supply LLC,6100 Emerald Parkway,,Dublin,OH,43016,(888) 995-0992,www.igsenergy.com,www.igsenergy.com,https://igs.com/signup/,5.231,Variable,No,,1,0,0,No,,MRR Rate - This offer is not available for enrollment.,HK::e59152b7097ff2a37d1a71ee1f1669eaa0ff4b5c,IGS Energy,5.231,1,0
Direct Energy Services LLC,Direct Energy Services LLC,PO Box 180,,Tulsa,OK,74101,(855) 355-3733,https://www.directenergy.com/,https://directenergydocuments.gesc.com/TCPage.aspx?Doc=DEROHDTDTCG,https://www.directenergy.com/en/business/small-business,5.29,Fixed,No,,6,0,0,No,,New Customers Only,HK::a5ed6597690cf401e428d20fb2462420e597a9b7,Direct Energy Services LLC,5.29,6,0
Snyder Brothers Energy Marketing LLC,Snyder Brothers Energy Marketing LLC,P.O. Box 1022,1 Glade Park East,Kittanning,PA,16201,(800) 394-8101,www.snyderbrothersinc.com,www.snyderbrothersinc.com,http://www.snyderbrothersinc.com/contact.html,6.25,Variable,No,6.25,1,0,0,No,Monthly Variable Rate,Monthly MVR Rate,HK::8c9220fc09a5c0fc165b2880665241882ea7e991,Snyder Brothers Energy Marketing LLC,6.25,1,0
Ohio Gas & Electric,US Gas & Electric Inc.,P.O. Box 660403,,Dallas,TX,75266-0433,(866) 706-7360,https://www.ohgande.com/?PromoCode=Rateboard&rfid=PUCO,https://shopping.ohgande.com/cust/?PID=AB7CEC44-F355-4531-B16E-0729606BB64B&UID=C7C5FD83-46F3-4B30-B916-36897E483F47&OID=53AE6A41-BDDD-462F-8BFA-14DDAD141979&RFID=PUCO&PUC=2&STATE=OH&SN=USG&CT=G&PromoCode=RATEBOARD,https://shopping.ohgande.com/cust/?PID=AB7CEC44-F355-4531-B16E-0729606BB64B&UID=C7C5FD83-46F3-4B30-B916-36897E483F47&OID=53AE6A41-BDDD-462F-8BFA-14DDAD141979&RFID=PUCO&PUC=2&STATE=OH&SN=USG&CT=G&PromoCode=RATEBOARD,4.79,Fixed,No,,48,0,0,No,,Get peace of mind with a fixed rate for 48 months - plus  $50 in Reward Dollars every month once your account's active. Special offer for new  online customers.,HK::b465d03ec317fc57312d18b3d4b08b72b9ccb1af,Ohio Gas & Electric,4.79,48,0
Mercury Energy Marketing LLC,Mercury Energy Marketing LLC,6545 Market Ave. N,STE 100,North Canton,OH,44721,(800) 975-6372,www.mercuryenergyohio.com,https://mercuryenergyohio.com/plans/dom/small-business/,https://mercuryenergyohio.com/plans/dom/small-business/,4.48,Fixed,No,,18,0,0,No,,,HK::d2ad35c3d73c28f1e0a2e4d594614461f1b1a4f1,Mercury Energy Marketing LLC,4.48,18,0
Advantage Energy Partners  LLC,Advantage Energy Partners  LLC,7793 Pittsburg Ave NW,,North Canton,OH,44720-6947,(877) 263-0970,www.advantageenergypartners.com,www.advantageenergypartners.com,www.advantageenergypartners.com,7.29,Variable,No,,1,0,0,No,,,HK::fd54e42b1429d97251fc4f52dc894f75ab7f5fcc,Advantage Energy Partners  LLC,7.29,1,0
Direct Energy Services LLC,Direct Energy Services LLC,PO Box 180,,Tulsa,OK,74101,(855) 355-3733,https://www.directenergy.com/,https://directenergydocuments.gesc.com/TCPage.aspx?Doc=DEROHDTDTCG,https://www.directenergy.com/en/business/small-business,5.59,Fixed,No,,12,0,0,No,,New Customers Only,HK::a5ed6597690cf401e428d20fb2462420e597a9b7,Direct Energy Services LLC,5.59,12,0
Constellation NewEnergy-Gas Division LLC,Constellation NewEnergy-Gas Division LLC,1001 Louisiana Street Ste 23,,Houston,TX,77002,(855) 585-3935,https://smallbiz.constellation.com/marketplace.html?a=1&customPricingCode=CNEGDEO,https://www.constellation.com/solutions/for-your-small-business.html,https://smallbiz.constellation.com/marketplace.html?a=1&customPricingCode=CNEGDEO,5.09,Fixed,No,,24,150,0,No,,This offer is limited to small business customers of {LDC}.  This rate is only available over the phone. Please call us at 855-585-3935 to enroll.,HK::8218d45a7a04aa64b2211bf60d19f6b827c9abce,Constellation NewEnergy-Gas Division LLC,5.09,24,150
AEP Energy Inc,AEP Energy Inc,1 Riverside Plaza,AEP HQ Building 20th floor,Columbus,OH,43215,(877) 648-1924,https://www.aepenergy.com/small-business/request-a-sbs-quote?utm_source=A2A&utm_medium=DEO-Gas&utm_campaign=SmallBusinessShopping&utm_term=12mos,https://www.aepenergy.com/small-business/request-a-sbs-quote?utm_source=A2A&utm_medium=DEO-Gas&utm_campaign=SmallBusinessShopping&utm_term=12mos,https://www.aepenergy.com/small-business/request-a-sbs-quote?utm_source=A2A&utm_medium=DEO-Gas&utm_campaign=SmallBusinessShopping&utm_term=12mos,5.19,Fixed,No,,12,25,0,No,,This offer is limited to small business customers of Enbridge Ohio only.  This rate is only available over the phone.  Please call us at 1-877-648-1936 to sign up today! ,HK::104af16affe8f1b874ecb86b0b108ea90b962119,AEP Energy Inc,5.19,12,25
Ohio Gas & Electric,US Gas & Electric Inc.,P.O. Box 660403,,Dallas,TX,75266-0433,(866) 706-7360,https://www.ohgande.com/?PromoCode=Rateboard&rfid=PUCO,https://shopping.ohgande.com/cust/?PID=A8C0EFDC-F5F8-41C2-958E-4FECF83568D1&UID=C7C5FD83-46F3-4B30-B916-36897E483F47&OID=53AE6A41-BDDD-462F-8BFA-14DDAD141979&RFID=PUCO&PUC=2&STATE=OH&SN=USG&CT=G&PromoCode=RATEBOARD,https://shopping.ohgande.com/cust/?PID=A8C0EFDC-F5F8-41C2-958E-4FECF83568D1&UID=C7C5FD83-46F3-4B30-B916-36897E483F47&OID=53AE6A41-BDDD-462F-8BFA-14DDAD141979&RFID=PUCO&PUC=2&STATE=OH&SN=USG&CT=G&PromoCode=RATEBOARD,4.09,Fixed,No,,6,0,0,No,,Get peace of mind with a fixed rate for 6 months - plus  $50 in Reward Dollars every month once your account's active. Special offer for new  online customers.,HK::b465d03ec317fc57312d18b3d4b08b72b9ccb1af,Ohio Gas & Electric,4.09,6,0
Winged Foot Energy LLC,Winged Foot Energy LLC,1100 W 23rd Suite 214,,Houston,TX,77008,(800) 347-5501,Wingedfootenergy.com,Wingedfootenergy.com,Wingedfootenergy.com,7.49,Variable,No,,1,0,0,No,,,HK::583d7b912307a7c7ff2fdbf740a5dae4686b7fad,Winged Foot Energy LLC,7.49,1,0
Constellation NewEnergy-Gas Division LLC,Constellation NewEnergy-Gas Division LLC,1001 Louisiana Ste 22,,Houston,TX,77002,(855) 585-3935,https://www.constellation.com/solutions/for-your-small-business.html,https://www.constellation.com/solutions/for-your-small-business.html,https://www.constellation.com/solutions/for-your-small-business.html,6.99,Variable,No,,1,0,0,No,,This offer is limited to small business customers of Enbridge Gas Ohio (Dominion).  This rate is only available over the phone. Please call us at 855-585-3935 to enroll. ,HK::9428510832d306748bc05005306da762b8dd6ea8,Constellation NewEnergy-Gas Division LLC,6.99,1,0
Eastern Power and Gas LLC,Eastern Power and Gas LLC,20801 Biscayne Blvd suite 403,,Miami,FL,33180,(877) 799-3637,Easternpng.com,https://easternpng.com/energy-ratings/puco-approved-ohio-docs/Ohio_Energy_Ratings_FR_Contract_Terms_and_Conditions.pdf,https://easternpng.com/interactions/check-eligibility/,4.15,Fixed,No,,12,0,0,No,,$4.15 per MCF for the first 12 months  then a monthly variable rate ,HK::f1e0a3a86e4625a1575286b4f932d0a6ea0d8572,Eastern Power and Gas LLC,4.15,12,0
American Power & Gas of Ohio  LLC,American Power & Gas of Ohio  LLC,10601 S Belcher Rd,,Seminole,FL,33777,(888) 669-2365,https://americanpowerandgas.com/?page=2,https://apgwebfiles.blob.core.windows.net/apgpublicsite/OH-DEO-G-C-ENGLISH-VARIABLE.pdf,https://americanpowerandgas.com/?page=2,2.49,Variable,Yes,Price is set for first month and variable thereafter.,24,0,0,Yes,Our 25% rebate is available to all of our customers.   We have sent out over $2 400 000 in rebates. Are you getting one?,Our famous 25% rebate is available to all our customers.   We have sent out over $2 400 000 in rebates this year! Are you getting one? ,HK::871eb1d479e4bcd2bd6dfa5d2ad199989f57b6da,American Power & Gas of Ohio  LLC,2.49,24,0
Ohio Natural Gas,SouthStar Energy Services LLC,P.O. Box 14657,,Cleveland,OH,44114,(800) 735-0862,ohionaturalgas.com,https://www.ohionaturalgas.com/list-plans/?rateClassCode=04&ldcCode=DEO,https://www.ohionaturalgas.com/list-plans/?rateClassCode=04&ldcCode=DEO,4.97,Fixed,No,,12,25,0,No,,Commercial customers only,HK::ac1987173804455ef62ed894d81df8aa95813569,Ohio Natural Gas,4.97,12,25
Energy Harbor LLC,Energy Harbor LLC,168 East Market Street,,Akron,OH,44308,(855) 487-0822,https://energyharbor.com/?PromoCode=Rateboard&rfid=PUCO,https://shopping.energyharbor.com/cust/?PID=D32AE40D-FEE9-4263-8DA1-56D9655DE186&UID=C7C5FD83-46F3-4B30-B916-36897E483F47&OID=82B35BA2-8A0F-4700-AACC-F1B84137E34C&RFID=PUCO&PUC=2&STATE=OH&SN=EH&CT=G&PromoCode=RATEBOARD,https://shopping.energyharbor.com/cust/?PID=D32AE40D-FEE9-4263-8DA1-56D9655DE186&UID=C7C5FD83-46F3-4B30-B916-36897E483F47&OID=82B35BA2-8A0F-4700-AACC-F1B84137E34C&RFID=PUCO&PUC=2&STATE=OH&SN=EH&CT=G&PromoCode=RATEBOARD,4.39,Fixed,No,,36,0,0,No,,Avoid price swings with a fixed natural gas rate for 36 months. Special offer for new  online customers.,HK::e7ceb54afb97be37f4c9343373a9bf8ac7f4678b,Energy Harbor LLC,4.39,36,0
AEP Energy Inc,AEP Energy Inc,1 Riverside Plaza,AEP HQ Building 20th floor,Columbus,OH,43215,(877) 648-1924,https://www.aepenergy.com/small-business/request-a-sbs-quote?utm_source=A2A&utm_medium=DEO-Gas&utm_campaign=SmallBusinessShopping&utm_term=36mos,https://www.aepenergy.com/small-business/request-a-sbs-quote?utm_source=A2A&utm_medium=DEO-Gas&utm_campaign=SmallBusinessShopping&utm_term=36mos,https://www.aepenergy.com/small-business/request-a-sbs-quote?utm_source=A2A&utm_medium=DEO-Gas&utm_campaign=SmallBusinessShopping&utm_term=36mos,5.69,Fixed,No,,36,25,0,No,,This offer is limited to small business customers of Enbridge Gas Ohio only.  This rate is only available over the phone.  Please call us at 1-866-935-5541 to sign up today! ,HK::104af16affe8f1b874ecb86b0b108ea90b962119,AEP Energy Inc,5.69,36,25
My Choice Energy LLC,Foster Energy Services LLC,470 Olde Worthington Road,,Columbus,OH,43082,(810) 765-8903,www.fostermychoice.com,www.fostermychoice.com,www.fostermychoice.com,4.14,Fixed,No,,12,20,0,No,,WE DO NOT SERVICE DOMINION WEST OHIO.,HK::218d673b6396cf8f257cdd06a6cf1f39ff1eba08,My Choice Energy LLC,4.14,12,20
Provision,Energy 95 LLC,P.O. Box 6036,,Austin,TX,78762,(800) 930-5427,https://provisionpg.com/,https://www.getprovision.com/wp-content/uploads/plans_pdf/2137.pdf,https://www.getprovision.com/enroll-step-2/?utility=DEO,6.99,Variable,No,$6.999/Mcf first month  then monthly variable rate,1,0,0,No,,$6.999/Mcf first month  then monthly variable rate,HK::650c65588d4a4a838b4973b0d10d6452b93a689e,Provision,6.99,1,0
CleanSky Energy,Titan Gas LLC,3355 West Alabama,,Houston,TX,77098,(888) 355-6205,https://cleanskyenergy.com/,https://rates.cleanskyenergy.com:8443/rates/DownloadDoc?path=86759dd0-b60b-4fd7-bcc6-a57f33be0922.pdf&id_plan=59393,https://cleanskyenergy.com/,5.19,Variable,No,,1,0,0,No,Have a question about a plan or need help placing an order? Call us: 1-888-355-6205 | Email us: CustomerCare@CleanSkyEnergy.com ,Have a question about a plan or need help placing an order? Call us: 1-888-355-6205 |  Email us: CustomerCare@TitanGasandPower.com ,HK::216591a325afca37ee0d377768fbcee02a43d4ce,CleanSky Energy,5.19,1,0
Mercury Energy Marketing LLC,Mercury Energy Marketing LLC,6545 Market Ave. N,Suite 1950,North Canton,OH,44721,(800) 975-6372,www.mercuryenergyohio.com,https://mercuryenergyohio.com/plans/,https://mercuryenergyohio.com/plans/dominion-energy-ohio/,5.18,Fixed,No,,48,0,0,No,,,HK::789a12878fee760646a29de6b2b901c98cb0387d,Mercury Energy Marketing LLC,5.18,48,0
Vista Energy Marketing LP,Vista Energy Marketing LP,4306 Yoakum Blvd.,Suite 600,HOUSTON,TX,77006,(888) 508-4782,www.vistaenergymarketing.com,https://vistaenergymarketing.com/documents/efls/OH_Gas_Residential_TOS_Variable_030117.pdf,https://vistaenergymarketing.com/residential/deo/deo-value-plan/,9.49,Variable,No,,1,0,0,No,,A variable-rate natural gas plan that lets you take advantage of seasonal pricing.,HK::200a11c27e0fd6dbb93a9a345ce4a7cff21bfc52,Vista Energy Marketing LP,9.49,1,0
IGS Energy,Interstate Gas Supply LLC,6100 Emerald Parkway,,Dublin,OH,43016,(800) 280-4474,www.igsenergy.com,https://www.igs.com/signup,https://igs.com/signup/?campaignCode=Web-ApplesToApples&utm_campaign=referral-applestoapples-general&utm_source=applestoapples&utm_medium=referral,5.49,Fixed,No,,12,99,0,No,,Contribute to a brighter future by choosing this environmentally conscious product for your home. Our 100% Carbon Neutral Fixed Rate provides you with stability and predictability for the entire term length. ,HK::ac6b0be1bb25d34f830558038e07e65c2b774824,IGS Energy,5.49,12,99
WRW Energy LLC,WRW Energy LLC,10123 Alliance Road,,Cincinnati,OH,45242-4887,(855) 979-4968,www.WRW.Energy,www.WRW.Energy,www.WRW.Energy,4.37,Fixed,No,,36,0,0,No,,,HK::5ae32cfdd71bc888a8d872b66e23416dde98b6a0,WRW Energy LLC,4.37,36,0
nTherm  LLC,nTherm  LLC,1321 Upland Dr #19675,,Houston,TX,77043,(888) 865-3402,www.ntherm.com,https://www.ntherm.com/sites/default/files/2023-12/oh_gas_tos.pdf,www.ntherm.com,3.19,Variable,Yes,20% rebate on the average months energy supply cost after 12 consecutive months with nTherm  llc as the Competitive Retail Natural Gas Supplier,1,0,0,No,,20% rebate on the average months energy supply cost after 12 consecutive months with nTherm  llc as the Competitive Retail Electric Supplier,HK::672db797cbecac11d0e336e4ffff1faa303076a5,nTherm  LLC,3.19,1,0
Mercury Energy Marketing LLC,Mercury Energy Marketing LLC,6545 Market Ave. N,Suite 100,North Canton,OH,44721,(800) 975-6372,www.mercuryenergyohio.com,https://mercuryenergyohio.com/terms-of-service/,https://mercuryenergyohio.com/plans/,4.48,Fixed,No,,12,0,0,No,,,HK::5b8c33d01b889e5f6aa465b338411913fc44eb64,Mercury Energy Marketing LLC,4.48,12,0
Eastern Power and Gas LLC,Eastern Power and Gas LLC,20801 Biscayne Blvd suite 403,,Miami,FL,33180,(877) 799-3637,Easternpng.com,https://easternpng.com/energy-ratings/puco-approved-ohio-docs/Ohio_Energy_Ratings_FR_Contract_Terms_and_Conditions.pdf,https://easternpng.com/interactions/check-eligibility/,7.15,Variable,No,,1,0,0,No,,,HK::f6652f4e6b2044df7fcad0dcb29663e582321964,Eastern Power and Gas LLC,7.15,1,0
WRW Energy LLC,WRW Energy LLC,10123 Alliance Road,,Cincinnati,OH,45242,(855) 979-4968,www.WRW.Energy,www.WRW.Energy,www.WRW.Energy,4.17,Fixed,No,,12,0,0,No,,,HK::5ae32cfdd71bc888a8d872b66e23416dde98b6a0,WRW Energy LLC,4.17,12,0
Provision,Energy 95 LLC,P.O. Box 6036,,Austin,TX,78762,(800) 930-5427,https://provisionpg.com/,https://www.getprovision.com/wp-content/uploads/2026/03/0120-3-3.pdf,https://www.getprovision.com/enroll-step-2/?utility=DEO,6.9,Fixed,No,,12,0,0,No,,$6.90/mcf fixed for 12 months,HK::edda85c8de50281878eabad9b47234d64d10208f,Provision,6.9,12,0
Mercury Energy Marketing LLC,Mercury Energy Marketing LLC,6545 Market Ave. N,STE 100,North Canton,OH,44721,(800) 975-6372,www.mercuryenergyohio.com,https://mercuryenergyohio.com/plans/dom/small-business/,https://mercuryenergyohio.com/plans/dom/small-business/,4.68,Fixed,No,,6,0,0,No,,,HK::d2ad35c3d73c28f1e0a2e4d594614461f1b1a4f1,Mercury Energy Marketing LLC,4.68,6,0
Ohio Natural Gas,SouthStar Energy Services LLC,P.O. Box 14657,,Cleveland,OH,44114,(800) 735-0862,ohionaturalgas.com,https://www.ohionaturalgas.com/list-plans/?rateClassCode=04&ldcCode=DEO,https://www.ohionaturalgas.com/list-plans/?rateClassCode=04&ldcCode=DEO,5.57,Fixed,No,,6,25,0,No,,Commercial customers only.,HK::ac1987173804455ef62ed894d81df8aa95813569,Ohio Natural Gas,5.57,6,25
Energy Harbor LLC,Energy Harbor LLC,168 East Market Street,,Akron,OH,44308,(855) 487-0822,https://energyharbor.com/?PromoCode=Rateboard&rfid=PUCO,https://shopping.energyharbor.com/cust/?PID=EF79EF7E-AE23-43B2-A554-FEAFC491E40C&UID=C7C5FD83-46F3-4B30-B916-36897E483F47&OID=82B35BA2-8A0F-4700-AACC-F1B84137E34C&RFID=PUCO&PUC=2&STATE=OH&SN=EH&CT=G&PromoCode=RATEBOARD,https://shopping.energyharbor.com/cust/?PID=EF79EF7E-AE23-43B2-A554-FEAFC491E40C&UID=C7C5FD83-46F3-4B30-B916-36897E483F47&OID=82B35BA2-8A0F-4700-AACC-F1B84137E34C&RFID=PUCO&PUC=2&STATE=OH&SN=EH&CT=G&PromoCode=RATEBOARD,4.09,Fixed,No,,12,0,0,No,,Avoid price swings with a fixed natural gas rate for 12 months. Special offer for new  online customers.,HK::e7ceb54afb97be37f4c9343373a9bf8ac7f4678b,Energy Harbor LLC,4.09,12,0
Energy Harbor LLC,Energy Harbor LLC,168 East Market Street,,Akron,OH,44308,(855) 487-0822,https://energyharbor.com/?PromoCode=Rateboard&rfid=PUCO,https://shopping.energyharbor.com/cust/?PID=2511B252-B5BC-4B68-8EAF-7869F730D5BE&UID=C7C5FD83-46F3-4B30-B916-36897E483F47&OID=82B35BA2-8A0F-4700-AACC-F1B84137E34C&RFID=PUCO&PUC=2&STATE=OH&SN=EH&CT=G&PromoCode=RATEBOARD,https://shopping.energyharbor.com/cust/?PID=2511B252-B5BC-4B68-8EAF-7869F730D5BE&UID=C7C5FD83-46F3-4B30-B916-36897E483F47&OID=82B35BA2-8A0F-4700-AACC-F1B84137E34C&RFID=PUCO&PUC=2&STATE=OH&SN=EH&CT=G&PromoCode=RATEBOARD,4.29,Fixed,No,,24,0,0,No,,Avoid price swings with a fixed natural gas rate for 24 months. Special offer for new  online customers.,HK::e7ceb54afb97be37f4c9343373a9bf8ac7f4678b,Energy Harbor LLC,4.29,24,0
Ohio Gas & Electric,US Gas & Electric Inc.,P.O. Box 660403,,Dallas,OH,75266-0433,(866) 706-7360,https://www.ohgande.com/?PromoCode=Rateboard&rfid=PUCO,https://www.ohgande.com/?PromoCode=Rateboard&rfid=PUCO,https://www.ohgande.com/?PromoCode=Rateboard&rfid=PUCO,7.25,Variable,No,,0,0,0,No,,,HK::2c23c0d0a4cfb50b08b5791bc94602ebb66e8246,Ohio Gas & Electric,7.25,0,0
Shipley Choice  LLC,Shipley Choice  LLC,415 Norway St,,York,PA,17403,(866) 573-4853,http://www.shipleyenergy.com,https://shipleyenergy.com,https://www.shipleyenergy.com/enrollment?express=258,4.49,Fixed,No,,12,0,0,No,,Shopping for Natural Gas Supply just got EASY! No monthly fee  no cancellation fee  and best of all a LOW fixed price to take control of your energy costs. Lock in this low fixed rate today! ,HK::50b9dc39c3855acba03836341f9f06145a8b88db,Shipley Choice  LLC,4.49,12,0
Mercury Energy Marketing LLC,Mercury Energy Marketing LLC,6545 Market Ave. N,Suite 100,North Canton,OH,44721,(800) 975-6372,www.mercuryenergyohio.com,https://mercuryenergyohio.com/terms-of-service/,https://mercuryenergyohio.com/plans/,2.98,Variable,No,Enjoy the first month of gas at $4.08/mcf followed by a monthly variable price that follows the MRR rate,1,0,0,No,Enjoy the first month of gas at $2.98/mcf followed by a monthly variable price that follows the MRR rate,Enjoy the first month of gas at $2.98/mcf followed by a monthly variable price that follows the MRR rate,HK::8b958af62ec0d172aaa8a620a06648b6ea77177e,Mercury Energy Marketing LLC,2.98,1,0
Constellation NewEnergy-Gas Division LLC,Constellation NewEnergy-Gas Division LLC,1001 Louisiana Street Ste 23,,Houston,TX,77002,(855) 585-3935,https://smallbiz.constellation.com/marketplace.html?a=1&customPricingCode=CNEGDEO,https://www.constellation.com/solutions/for-your-small-business.html,https://smallbiz.constellation.com/marketplace.html?a=1&customPricingCode=CNEGDEO,4.99,Fixed,No,,12,150,0,No,,This offer is limited to small business customers of {LDC}.  This rate is only available over the phone. Please call us at 855-585-3935 to enroll.,HK::8218d45a7a04aa64b2211bf60d19f6b827c9abce,Constellation NewEnergy-Gas Division LLC,4.99,12,150
WRW Energy LLC,WRW Energy LLC,10123 Alliance Rd,,Blue Ash,OH,45242-4887,(855) 979-4968,www.WRWApplesToApples.com,www.WRWApplesToApples.com,www.WRWApplesToApples.com,7.25,Variable,No,,1,0,0,No,,,HK::95626e1f4b73757564afea2830c5805ed15ce8d3,WRW Energy LLC,7.25,1,0
Mercury Energy Marketing LLC,Mercury Energy Marketing LLC,6545 Market Ave. N,STE 100,North Canton,OH,44721,(800) 975-6372,www.mercuryenergyohio.com,https://mercuryenergyohio.com/terms-of-service/,https://mercuryenergyohio.com/plans/,9.98,Fixed,No,,120,0,0,No,,'Forever Gas!'. 10 year gas  no early termination fee.,HK::5b8c33d01b889e5f6aa465b338411913fc44eb64,Mercury Energy Marketing LLC,9.98,120,0
Shipley Choice  LLC,Shipley Choice  LLC,415 Norway St,,York,PA,17403,(866) 573-4853,http://www.shipleyenergy.com,https://enroll.shipleyenergy.com/enrollment/Step3,https://www.shipleyenergy.com/enrollment?product=ng,7.25,Variable,No,,1,0,0,No,,Variable term-MVR/MRR,HK::e1b0631975833739879c06ff2cb202bceb8bb0b3,Shipley Choice  LLC,7.25,1,0
Mercury Energy Marketing LLC,Mercury Energy Marketing LLC,6545 Market Ave. N,Suite 100,North Canton,OH,44721,(800) 975-6372,www.mercuryenergyohio.com,https://mercuryenergyohio.com/plans/,https://mercuryenergyohio.com/plans/dominion-energy-ohio/,4.58,Fixed,No,,24,0,0,No,,,HK::789a12878fee760646a29de6b2b901c98cb0387d,Mercury Energy Marketing LLC,4.58,24,0
Direct Energy Services LLC,Direct Energy Services LLC,PO Box 180,,Tulsa,OK,74101,(855) 355-3733,https://www.directenergy.com/,https://directenergydocuments.gesc.com/TCPage.aspx?Doc=DEROHDTDTCG,https://www.directenergy.com/en/business/small-business,5.79,Fixed,No,,48,0,0,No,,New Customers Only,HK::a5ed6597690cf401e428d20fb2462420e597a9b7,Direct Energy Services LLC,5.79,48,0
Ohio Gas & Electric,US Gas & Electric Inc.,P.O. Box 660403,,Dallas,TX,75266-0433,(866) 706-7360,https://www.ohgande.com/?PromoCode=Rateboard&rfid=PUCO,https://shopping.ohgande.com/cust/?PID=16BDD588-1E79-4421-BD16-BEA52B3B2612&UID=C7C5FD83-46F3-4B30-B916-36897E483F47&OID=53AE6A41-BDDD-462F-8BFA-14DDAD141979&RFID=PUCO&PUC=2&STATE=OH&SN=USG&CT=G&PromoCode=RATEBOARD,https://shopping.ohgande.com/cust/?PID=16BDD588-1E79-4421-BD16-BEA52B3B2612&UID=C7C5FD83-46F3-4B30-B916-36897E483F47&OID=53AE6A41-BDDD-462F-8BFA-14DDAD141979&RFID=PUCO&PUC=2&STATE=OH&SN=USG&CT=G&PromoCode=RATEBOARD,4.19,Fixed,No,,12,0,0,No,,Get peace of mind with a fixed rate for 12 months - plus  $50 in Reward Dollars every month once your account's active. Special offer for new  online customers.,HK::b465d03ec317fc57312d18b3d4b08b72b9ccb1af,Ohio Gas & Electric,4.19,12,0
Barracuda Energy LLC,Barracuda Energy LLC,100 E. Campus,Suite 250,Columbus,OH,43235,(833) 628-4874,www.barracudagas.com,www.barracudagas.com,www.barracudagas.com,7.49,Variable,No,,1,0,0,No,MRR only,,HK::bb769ebbc6d6e954162525dd7d7f49e74487097c,Barracuda Energy LLC,7.49,1,0
Symmetry Energy Solutions LLC,Symmetry Energy Solutions LLC,PO BOX 802467,,Houston,TX,77280,(888) 200-3788,http://www.symmetryenergy.com/enroll,http://www.symmetryenergy.com/enroll,https://symmetryenergy.com/enroll/,7.39,Variable,No,,1,0,0,No,,This offer is assigned by default and is not available for enrollment.  Small Commercial Monthly Retail Rate (MRR)  rate is 7.39 per Mcf for July 2026.,HK::5f6ca35316cfa1ca9536e02c5bc159af4c60db0a,Symmetry Energy Solutions LLC,7.39,1,0
AEP Energy Inc,AEP Energy Inc,1 Riverside Plaza,AEP HQ Building 20th floor,Columbus,OH,43215,(877) 648-1924,https://www.aepenergy.com/small-business/request-a-sbs-quote?utm_source=A2A&utm_medium=DEO-Gas&utm_campaign=SmallBusinessShopping&utm_term=24mos,https://www.aepenergy.com/small-business/request-a-sbs-quote?utm_source=A2A&utm_medium=DEO-Gas&utm_campaign=SmallBusinessShopping&utm_term=24mos,https://www.aepenergy.com/small-business/request-a-sbs-quote?utm_source=A2A&utm_medium=DEO-Gas&utm_campaign=SmallBusinessShopping&utm_term=24mos,5.39,Fixed,No,,24,25,0,No,,This offer is limited to small business customers of Enbridge Gas Ohio only.  This rate is only available over the phone.  Please call us at 1-866-935-5541 to sign up today! ,HK::104af16affe8f1b874ecb86b0b108ea90b962119,AEP Energy Inc,5.39,24,25
Direct Energy Services LLC,Direct Energy Services LLC,PO Box 180,,Tulsa,OK,74101,(855) 355-3733,https://www.directenergy.com/,https://directenergydocuments.gesc.com/TCPage.aspx?Doc=DEROHDTDTCG,https://www.directenergy.com/en/business/small-business,5.69,Fixed,No,,36,0,0,No,,New Customers Only,HK::a5ed6597690cf401e428d20fb2462420e597a9b7,Direct Energy Services LLC,5.69,36,0
Mercury Energy Marketing LLC,Mercury Energy Marketing LLC,6545 Market Ave. N,Suite 100,North Canton,OH,44721,(800) 975-6372,www.mercuryenergyohio.com,https://mercuryenergyohio.com/terms-of-service/,https://mercuryenergyohio.com/plans/,4.58,Fixed,No,,24,0,0,No,,,HK::5b8c33d01b889e5f6aa465b338411913fc44eb64,Mercury Energy Marketing LLC,4.58,24,0
Eastern Power and Gas LLC,Eastern Power and Gas LLC,20801 Biscayne Blvd suite 403,,Miami,FL,33180,(877) 799-3637,Easternpng.com,https://easternpng.com/energy-ratings/puco-approved-ohio-docs/Ohio_Energy_Ratings_FR_Contract_Terms_and_Conditions.pdf,https://easternpng.com/interactions/check-eligibility/,4.6,Fixed,No,,24,0,0,No,,$4.60 per MCF for the first 24 months  then a monthly variable rate ,HK::f1e0a3a86e4625a1575286b4f932d0a6ea0d8572,Eastern Power and Gas LLC,4.6,24,0
Ohio Gas & Electric,US Gas & Electric Inc.,P.O. Box 660403,,Dallas,TX,75266-0433,(866) 706-7360,https://www.ohgande.com/?PromoCode=Rateboard&rfid=PUCO,https://shopping.ohgande.com/cust/?PID=948BDBC8-BA8F-4D4B-B977-C6DD101172F4&UID=C7C5FD83-46F3-4B30-B916-36897E483F47&OID=53AE6A41-BDDD-462F-8BFA-14DDAD141979&RFID=PUCO&PUC=2&STATE=OH&SN=USG&CT=G&PromoCode=RATEBOARD,https://shopping.ohgande.com/cust/?PID=948BDBC8-BA8F-4D4B-B977-C6DD101172F4&UID=C7C5FD83-46F3-4B30-B916-36897E483F47&OID=53AE6A41-BDDD-462F-8BFA-14DDAD141979&RFID=PUCO&PUC=2&STATE=OH&SN=USG&CT=G&PromoCode=RATEBOARD,4.59,Fixed,No,,36,0,0,No,,Get peace of mind with a fixed rate for 36 months - plus  $50 in Reward Dollars every month once your account's active. Special offer for new  online customers.,HK::b465d03ec317fc57312d18b3d4b08b72b9ccb1af,Ohio Gas & Electric,4.59,36,0
WRW Energy LLC,WRW Energy LLC,10123 Alliance Rd,,Cincinnati,OH,45242-4887,(855) 979-4968,www.WRW.Energy,www.WRW.Energy,www.WRW.Energy,4.33,Fixed,No,,24,0,0,No,,,HK::5ae32cfdd71bc888a8d872b66e23416dde98b6a0,WRW Energy LLC,4.33,24,0
Ohio Natural Gas,SouthStar Energy Services LLC,P.O. Box 14657,,Cleveland,OH,44114,(800) 735-0862,ohionaturalgas.com,ohionaturalgas.com,ohionaturalgas.com,6.55,Variable,No,,1,0,0,No,,Ohio Natural Gas's Monthly MRR Rate. Variable prices may change or remain the same each month.,HK::9ff727e1f4960eaa961277bc867ebeb5cffe03e8,Ohio Natural Gas,6.55,1,0
My Choice Energy LLC,Foster Energy Services LLC,470 Olde Worthington Raod,,Columbus,OH,43082,(888) 505-9104,www.fostermychoice.com,www.fostermychoice.com,www.fostermychoice.com,4.54,Fixed,No,,24,20,0,No,,WE DO NOT SERVICE DOMINION WEST OHIO,HK::218d673b6396cf8f257cdd06a6cf1f39ff1eba08,My Choice Energy LLC,4.54,24,20
Shipley Choice  LLC,Shipley Choice  LLC,415 Norway St,,York,PA,17403,(866) 573-4853,http://www.shipleyenergy.com,https://enroll.shipleyenergy.com/enrollment/Step3,https://www.shipleyenergy.com/enrollment?product=ng,7.25,Variable,No,,1,0,0,No,,Variable term-MVR/MRR,HK::e1b0631975833739879c06ff2cb202bceb8bb0b3,Shipley Choice  LLC,7.25,1,0
